1727037071961 17.68938446044922 0
1727037072054 17.406429290771484 1
1727037072133 17.063825607299805 2
1727037072195 16.84105682373047 3
1727037072269 16.868324279785156 4
1727037072336 16.393707275390625 5
1727037072400 16.205951690673828 6
1727037072463 16.48349952697754 7
1727037072525 16.106752395629883 8
1727037072588 16.247196197509766 9
1727037072682 15.834339141845703 10
1727037072744 15.748125076293945 11
1727037072823 15.615378379821777 12
1727037072886 15.53900146484375 13
1727037072949 15.463936805725098 14
1727037073027 15.462709426879883 15
1727037073089 15.475845336914062 16
1727037073152 15.051559448242188 17
1727037073230 14.976701736450195 18
1727037073293 14.65396785736084 19
1727037073355 14.646909713745117 20
1727037073440 15.038430213928223 21
1727037073509 14.46280574798584 22
1727037073567 14.993175506591797 23
1727037073644 14.536136627197266 24
1727037073701 14.673473358154297 25
1727037073779 14.698704719543457 26
1727037073835 14.65701675415039 27
1727037073913 15.113052368164062 28
1727037073976 14.29869556427002 29
1727037074038 13.70523452758789 30
1727037074117 14.355571746826172 31
1727037074183 14.058687210083008 32
1727037074245 13.679727554321289 33
1727037074335 13.93270492553711 34
1727037074400 14.090100288391113 35
1727037074463 13.604724884033203 36
1727037074526 13.631476402282715 37
1727037074602 14.261842727661133 38
1727037074676 14.492733001708984 39
1727037074732 13.418134689331055 40
1727037074807 12.987796783447266 41
1727037074868 13.19572925567627 42
1727037074946 12.93028450012207 43
1727037075009 13.610817909240723 44
1727037075071 13.68644905090332 45
1727037075150 12.80084228515625 46
1727037075213 13.590383529663086 47
1727037075275 13.097454071044922 48
1727037075350 13.010669708251953 49
1727037075416 12.939908027648926 50
1727037075478 12.7213134765625 51
1727037075541 12.955862998962402 52
1727037075603 12.45008373260498 53
1727037075685 13.295893669128418 54
1727037075748 12.767434120178223 55
1727037075819 12.361698150634766 56
1727037075881 12.619929313659668 57
1727037075952 12.862174987792969 58
1727037076023 12.628952026367188 59
1727037076085 13.019694328308105 60
1727037076148 13.165297508239746 61
1727037076233 12.348428726196289 62
1727037076295 12.524568557739258 63
1727037076358 12.281451225280762 64
1727037076420 12.123383522033691 65
1727037076502 12.446314811706543 66
1727037076565 11.95522689819336 67
1727037076634 12.685755729675293 68
1727037076701 11.810230255126953 69
1727037076763 11.790949821472168 70
1727037076836 11.907609939575195 71
1727037076899 11.97158432006836 72
1727037076978 12.515979766845703 73
1727037077040 12.452194213867188 74
1727037077103 12.71537971496582 75
1727037077181 12.205196380615234 76
1727037077243 11.695594787597656 77
1727037077306 12.275150299072266 78
1727037077368 12.02743148803711 79
1727037077436 12.057944297790527 80
1727037077514 11.776463508605957 81
1727037077592 11.813444137573242 82
1727037077670 11.759638786315918 83
1727037077733 11.724544525146484 84
1727037077795 11.689449310302734 85
1727037077869 12.2249116897583 86
1727037077935 12.208263397216797 87
1727037077999 12.263245582580566 88
1727037078072 10.900080680847168 89
1727037078132 11.624770164489746 90
1727037078195 10.778121948242188 91
1727037078257 10.717999458312988 92
1727037078338 10.856639862060547 93
1727037078400 11.062088012695312 94
1727037078468 10.313207626342773 95
1727037078534 11.819294929504395 96
1727037078597 11.106789588928223 97
1727037078659 11.152351379394531 98
1727037078722 11.00239372253418 99
1727037078800 11.495587348937988 100
1727037078870 11.403037071228027 101
1727037078932 11.458681106567383 102
1727037079013 11.52148151397705 103
1727037079087 10.613593101501465 104
1727037079155 10.373072624206543 105
1727037079219 10.547435760498047 106
1727037079282 12.222187042236328 107
1727037079356 11.079630851745605 108
1727037079424 10.223008155822754 109
1727037079495 10.415702819824219 110
1727037079564 9.496662139892578 111
1727037079631 9.834284782409668 112
1727037079693 10.736294746398926 113
1727037079756 9.513912200927734 114
1727037079818 9.644179344177246 115
1727037079897 9.944332122802734 116
1727037079959 10.05524730682373 117
1727037080035 9.57588005065918 118
1727037080103 10.231195449829102 119
1727037080170 9.743208885192871 120
1727037080232 10.152454376220703 121
1727037080305 10.657197952270508 122
1727037080368 9.412537574768066 123
1727037080435 8.698381423950195 124
1727037080498 9.035552024841309 125
1727037080576 9.771158218383789 126
1727037080654 9.030142784118652 127
1727037080748 9.05111026763916 128
1727037080810 8.786998748779297 129
1727037080873 8.702069282531738 130
1727037080953 8.906295776367188 131
1727037081015 9.217560768127441 132
1727037081078 9.426116943359375 133
1727037081140 9.127391815185547 134
1727037081218 8.548378944396973 135
1727037081283 9.047293663024902 136
1727037081345 8.038972854614258 137
1727037081408 8.243032455444336 138
1727037081470 7.820432186126709 139
1727037081548 8.230094909667969 140
1727037081611 8.88027572631836 141
1727037081673 8.555133819580078 142
1727037081736 7.686700820922852 143
1727037081802 8.22265625 144
1727037081880 8.288818359375 145
1727037081942 7.670560359954834 146
1727037082005 7.231073379516602 147
1727037082083 7.79097843170166 148
1727037082145 7.564244747161865 149
1727037082208 7.647432804107666 150
1727037082285 7.744871139526367 151
1727037082351 7.808078289031982 152
1727037082415 7.245489120483398 153
1727037082477 7.365793228149414 154
1727037082540 7.169118404388428 155
1727037082602 6.947042465209961 156
1727037082680 7.947835922241211 157
1727037082743 7.074718952178955 158
1727037082806 8.396267890930176 159
1727037082883 6.741820812225342 160
1727037082945 6.444462299346924 161
1727037083013 7.297586441040039 162
1727037083071 7.205446243286133 163
1727037083149 6.869278907775879 164
1727037083211 7.116881370544434 165
1727037083274 5.98378849029541 166
1727037083352 6.498929977416992 167
1727037083414 6.36448860168457 168
1727037083485 6.162843704223633 169
1727037083550 7.813129901885986 170
1727037083612 6.432551860809326 171
1727037083675 6.04576301574707 172
1727037083737 6.179630279541016 173
1727037083800 6.439668655395508 174
1727037083878 6.021936416625977 175
1727037083971 6.712404727935791 176
1727037084035 5.816694259643555 177
1727037084098 6.313976287841797 178
1727037084161 6.3966827392578125 179
1727037084241 6.623705863952637 180
1727037084300 5.966763019561768 181
1727037084363 6.464994430541992 182
1727037084441 5.7131171226501465 183
1727037084503 6.284206390380859 184
1727037084566 5.53523063659668 185
1727037084644 6.412787437438965 186
1727037084706 5.192644119262695 187
1727037084768 6.649565696716309 188
1727037084847 6.907857418060303 189
1727037084910 5.492368221282959 190
1727037084984 6.184347629547119 191
1727037085049 4.910154342651367 192
1727037085111 6.8111796379089355 193
1727037085186 6.998016834259033 194
1727037085252 5.288044452667236 195
1727037085316 5.934837341308594 196
1727037085377 5.818131446838379 197
1727037085439 6.993449687957764 198
1727037085519 6.203245639801025 199
1727037085581 6.031363487243652 200
1727037085644 4.9502716064453125 201
1727037085712 4.584562301635742 202
1727037085784 5.487972259521484 203
1727037085853 5.010884761810303 204
1727037085915 5.918176651000977 205
1727037085986 6.003574371337891 206
1727037086054 4.6642231941223145 207
1727037086115 4.966755390167236 208
1727037086177 5.454966068267822 209
1727037086240 5.471426963806152 210
1727037086318 5.055586338043213 211
1727037086380 5.969576835632324 212
1727037086443 5.36338472366333 213
1727037086505 4.52538537979126 214
1727037086585 5.036949157714844 215
1727037086648 5.432872772216797 216
1727037086710 4.935196876525879 217
1727037086773 4.2167067527771 218
1727037086854 5.9139227867126465 219
1727037086919 4.657304763793945 220
1727037086981 4.5085015296936035 221
1727037087055 4.235930919647217 222
1727037087125 6.177681922912598 223
1727037087182 5.485758304595947 224
1727037087273 5.069092750549316 225
1727037087334 5.27239465713501 226
1727037087418 4.253023147583008 227
1727037087481 5.392911434173584 228
1727037087549 4.6203742027282715 229
1727037087618 5.249106407165527 230
1727037087691 4.227840423583984 231
1727037087762 5.383394241333008 232
1727037087825 6.8194708824157715 233
1727037087884 4.488612174987793 234
1727037087969 5.342383861541748 235
1727037088034 5.947232723236084 236
1727037088097 5.245096206665039 237
1727037088160 4.377591609954834 238
1727037088222 4.569650650024414 239
1727037088302 4.592294216156006 240
1727037088364 5.6049933433532715 241
1727037088427 3.9493746757507324 242
1727037088489 4.271206855773926 243
1727037088567 4.362333297729492 244
1727037088630 4.163233280181885 245
1727037088701 3.966756582260132 246
1727037088763 4.1823225021362305 247
1727037088836 4.78172492980957 248
1727037088900 3.816318988800049 249
1727037088962 4.26729154586792 250
1727037089037 4.24404239654541 251
1727037089106 4.269415378570557 252
1727037089165 3.4647059440612793 253
1727037089228 4.258302688598633 254
1727037089302 4.09178352355957 255
1727037089367 4.501439571380615 256
1727037089448 3.8825132846832275 257
1727037089518 4.450534343719482 258
1727037089587 4.109682559967041 259
1727037089649 4.423301696777344 260
1727037089712 4.440710544586182 261
1727037089774 3.6180906295776367 262
1727037089837 5.23793888092041 263
1727037089915 5.662920951843262 264
1727037089978 5.390867233276367 265
1727037090054 4.116900444030762 266
1727037090124 4.540704727172852 267
1727037090193 4.055361270904541 268
1727037090263 5.091243743896484 269
1727037090322 5.456154823303223 270
1727037090399 3.666520833969116 271
1727037090465 3.736135721206665 272
1727037090558 3.500453472137451 273
1727037090615 4.1139044761657715 274
1727037090678 4.077492713928223 275
1727037090740 4.527579307556152 276
1727037090803 3.6195716857910156 277
1727037090881 4.139101028442383 278
1727037090951 4.59383487701416 279
1727037091017 5.425890922546387 280
1727037091081 3.959024667739868 281
1727037091144 4.346031188964844 282
1727037091206 4.357804775238037 283
1727037091285 3.518226146697998 284
1727037091348 3.8252344131469727 285
1727037091419 3.4672226905822754 286
1727037091469 3.3243682384490967 287
1727037091547 4.44878625869751 288
1727037091610 3.86795973777771 289
1727037091672 3.8535451889038086 290
1727037091735 4.344126224517822 291
1727037091813 3.944972515106201 292
1727037091875 3.82281494140625 293
1727037091935 4.879026412963867 294
1727037092013 3.1570982933044434 295
1727037092076 3.7412774562835693 296
1727037092138 3.510814666748047 297
1727037092215 3.5320756435394287 298
1727037092267 3.4049558639526367 299
1727037092346 4.005156517028809 300
1727037092416 4.551310062408447 301
1727037092482 3.923285484313965 302
1727037092545 3.599478006362915 303
1727037092613 3.6472675800323486 304
1727037092680 3.964472532272339 305
1727037092733 5.741357326507568 306
1727037092811 4.585912227630615 307
1727037092874 3.8572301864624023 308
1727037092936 4.022104263305664 309
1727037093013 3.3276913166046143 310
1727037093066 3.59969425201416 311
1727037093145 4.219003677368164 312
1727037093207 3.295949697494507 313
1727037093284 3.8942151069641113 314
1727037093352 3.5338356494903564 315
1727037093415 4.465030193328857 316
1727037093478 2.7780961990356445 317
1727037093540 3.8469014167785645 318
1727037093602 3.2782645225524902 319
1727037093683 2.561058759689331 320
1727037093735 4.474379539489746 321
1727037093820 3.351418972015381 322
1727037093903 3.595595121383667 323
1727037094000 3.2452011108398438 324
1727037094091 3.73940110206604 325
1727037094171 2.335786819458008 326
1727037094235 2.8438847064971924 327
1727037094298 3.883192777633667 328
1727037094360 3.028324842453003 329
1727037094440 4.1743550300598145 330
1727037094501 4.156522750854492 331
1727037094575 2.874319076538086 332
1727037094641 3.4385194778442383 333
1727037094701 2.4173195362091064 334
1727037094763 2.80026912689209 335
1727037094840 3.512636423110962 336
1727037094905 3.2136690616607666 337
1727037094977 3.41229510307312 338
1727037095035 3.401423692703247 339
1727037095097 3.720749855041504 340
1727037095175 3.2230801582336426 341
1727037095238 3.6940629482269287 342
1727037095300 2.742647409439087 343
1727037095363 2.7968358993530273 344
1727037095441 2.546689033508301 345
1727037095501 4.330996036529541 346
1727037095563 3.4317221641540527 347
1727037095626 4.248795509338379 348
1727037095688 3.681185483932495 349
1727037095766 4.283470153808594 350
1727037095835 2.7678136825561523 351
1727037095900 4.050929546356201 352
1727037095968 3.1868815422058105 353
1727037096036 3.3178319931030273 354
1727037096102 3.7168028354644775 355
1727037096166 4.109417915344238 356
1727037096228 4.376647472381592 357
1727037096291 2.688756227493286 358
1727037096367 3.0309829711914062 359
1727037096432 4.009335517883301 360
1727037096498 3.802381753921509 361
1727037096551 3.983788013458252 362
1727037096631 2.9810075759887695 363
1727037096691 3.467312812805176 364
1727037096752 2.662426471710205 365
1727037096830 3.6524832248687744 366
1727037096898 3.1697874069213867 367
1727037096951 2.6948835849761963 368
1727037097029 2.2817606925964355 369
1727037097091 2.725370407104492 370
1727037097154 3.5036892890930176 371
1727037097217 3.374777317047119 372
1727037097318 3.916973114013672 373
1727037097380 3.96576189994812 374
1727037097442 2.685509204864502 375
1727037097521 3.4552013874053955 376
1727037097583 3.779062032699585 377
1727037097651 3.8083600997924805 378
1727037097713 3.6862564086914062 379
1727037097776 3.7282023429870605 380
1727037097845 2.6424715518951416 381
1727037097901 2.235339641571045 382
1727037097984 2.896578788757324 383
1727037098049 3.0230636596679688 384
1727037098119 3.978830575942993 385
1727037098182 3.0677971839904785 386
1727037098244 2.737109422683716 387
1727037098307 3.9395620822906494 388
1727037098369 2.3204309940338135 389
1727037098448 3.185166597366333 390
1727037098510 2.739365577697754 391
1727037098580 2.898017406463623 392
1727037098656 2.459028959274292 393
1727037098729 2.4337286949157715 394
1727037098822 2.2287628650665283 395
1727037098897 4.152075290679932 396
1727037098984 3.3420119285583496 397
1727037099056 2.858091354370117 398
1727037099142 2.667634963989258 399
1727037099219 3.7235429286956787 400
1727037099292 2.9996278285980225 401
1727037099379 2.4996488094329834 402
1727037099456 2.914780616760254 403
1727037099530 3.0520200729370117 404
1727037099610 2.5550951957702637 405
1727037099685 3.502532482147217 406
1727037099750 2.9807634353637695 407
1727037099828 3.663503408432007 408
1727037099891 3.280491590499878 409
1727037099953 3.5011863708496094 410
1727037100031 4.08821439743042 411
1727037100102 3.0106890201568604 412
1727037100175 2.582907199859619 413
1727037100249 4.010092735290527 414
1727037100327 3.45737886428833 415
1727037100402 2.9541406631469727 416
