1727036865001 17.68938446044922 0
1727036865085 17.406429290771484 1
1727036865167 17.063825607299805 2
1727036865235 16.84105682373047 3
1727036865318 16.868324279785156 4
1727036865406 16.393707275390625 5
1727036865473 16.205951690673828 6
1727036865541 16.48349952697754 7
1727036865610 16.106752395629883 8
1727036865668 16.247196197509766 9
1727036865742 15.834339141845703 10
1727036865805 15.748125076293945 11
1727036865869 15.615378379821777 12
1727036865953 15.53900146484375 13
1727036866023 15.463936805725098 14
1727036866091 15.462709426879883 15
1727036866159 15.475845336914062 16
1727036866225 15.051559448242188 17
1727036866289 14.976701736450195 18
1727036866355 14.65396785736084 19
1727036866421 14.646909713745117 20
1727036866501 15.038430213928223 21
1727036866568 14.46280574798584 22
1727036866637 14.993175506591797 23
1727036866705 14.536136627197266 24
1727036866785 14.673473358154297 25
1727036866884 14.698704719543457 26
1727036866952 14.65701675415039 27
1727036867033 15.113052368164062 28
1727036867085 14.29869556427002 29
1727036867167 13.70523452758789 30
1727036867235 14.355571746826172 31
1727036867308 14.058687210083008 32
1727036867368 13.679727554321289 33
1727036867445 13.93270492553711 34
1727036867517 14.090100288391113 35
1727036867585 13.604724884033203 36
1727036867651 13.631476402282715 37
1727036867720 14.261842727661133 38
1727036867785 14.492733001708984 39
1727036867853 13.418134689331055 40
1727036867918 12.987796783447266 41
1727036867987 13.19572925567627 42
1727036868051 12.93028450012207 43
1727036868122 13.610817909240723 44
1727036868187 13.68644905090332 45
1727036868254 12.80084228515625 46
1727036868319 13.590383529663086 47
1727036868385 13.097454071044922 48
1727036868457 13.010669708251953 49
1727036868522 12.939908027648926 50
1727036868585 12.7213134765625 51
1727036868657 12.955862998962402 52
1727036868735 12.45008373260498 53
1727036868806 13.295893669128418 54
1727036868875 12.767434120178223 55
1727036868939 12.361698150634766 56
1727036869008 12.619929313659668 57
1727036869072 12.862174987792969 58
1727036869141 12.628952026367188 59
1727036869206 13.019694328308105 60
1727036869273 13.165297508239746 61
1727036869342 12.348428726196289 62
1727036869436 12.524568557739258 63
1727036869506 12.281451225280762 64
1727036869572 12.123383522033691 65
1727036869637 12.446314811706543 66
1727036869702 11.95522689819336 67
1727036869767 12.685755729675293 68
1727036869836 11.810230255126953 69
1727036869901 11.790949821472168 70
1727036869967 11.907609939575195 71
1727036870035 11.97158432006836 72
1727036870101 12.515979766845703 73
1727036870153 12.452194213867188 74
1727036870225 12.71537971496582 75
1727036870286 12.205196380615234 76
1727036870358 11.695594787597656 77
1727036870419 12.275150299072266 78
1727036870491 12.02743148803711 79
1727036870606 12.057944297790527 80
1727036870672 11.776463508605957 81
1727036870736 11.813444137573242 82
1727036870803 11.759638786315918 83
1727036870868 11.724544525146484 84
1727036870936 11.689449310302734 85
1727036871002 12.2249116897583 86
1727036871067 12.208263397216797 87
1727036871136 12.263245582580566 88
1727036871205 10.900080680847168 89
1727036871274 11.624770164489746 90
1727036871342 10.778121948242188 91
1727036871409 10.717999458312988 92
1727036871472 10.856639862060547 93
1727036871541 11.062088012695312 94
1727036871617 10.313207626342773 95
1727036871684 11.819294929504395 96
1727036871753 11.106789588928223 97
1727036871820 11.152351379394531 98
1727036871888 11.00239372253418 99
1727036871955 11.495587348937988 100
1727036872023 11.403037071228027 101
1727036872091 11.458681106567383 102
1727036872160 11.52148151397705 103
1727036872244 10.613593101501465 104
1727036872307 10.373072624206543 105
1727036872373 10.547435760498047 106
1727036872439 12.222187042236328 107
1727036872518 11.079630851745605 108
1727036872584 10.223008155822754 109
1727036872652 10.415702819824219 110
1727036872752 9.496662139892578 111
1727036872822 9.834284782409668 112
1727036872890 10.736294746398926 113
1727036872956 9.513912200927734 114
1727036873025 9.644179344177246 115
1727036873089 9.944332122802734 116
1727036873158 10.05524730682373 117
1727036873222 9.57588005065918 118
1727036873286 10.231195449829102 119
1727036873368 9.743208885192871 120
1727036873435 10.152454376220703 121
1727036873502 10.657197952270508 122
1727036873569 9.412537574768066 123
1727036873635 8.698381423950195 124
1727036873718 9.035552024841309 125
1727036873801 9.771158218383789 126
1727036873874 9.030142784118652 127
1727036873946 9.05111026763916 128
1727036874018 8.786998748779297 129
1727036874085 8.702069282531738 130
1727036874153 8.906295776367188 131
1727036874225 9.217560768127441 132
1727036874293 9.426116943359375 133
1727036874369 9.127391815185547 134
1727036874440 8.548378944396973 135
1727036874509 9.047293663024902 136
1727036874574 8.038972854614258 137
1727036874644 8.243032455444336 138
1727036874708 7.820432186126709 139
1727036874776 8.230094909667969 140
1727036874846 8.88027572631836 141
1727036874919 8.555133819580078 142
1727036874994 7.686700820922852 143
1727036875094 8.22265625 144
1727036875185 8.288818359375 145
1727036875277 7.670560359954834 146
1727036875351 7.231073379516602 147
1727036875423 7.79097843170166 148
1727036875507 7.564244747161865 149
1727036875574 7.647432804107666 150
1727036875639 7.744871139526367 151
1727036875719 7.808078289031982 152
1727036875789 7.245489120483398 153
1727036875857 7.365793228149414 154
1727036875926 7.169118404388428 155
1727036876002 6.947042465209961 156
1727036876152 7.947835922241211 157
1727036876273 7.074718952178955 158
1727036876374 8.396267890930176 159
1727036876476 6.741820812225342 160
1727036876558 6.444462299346924 161
1727036876658 7.297586441040039 162
1727036876753 7.205446243286133 163
1727036876855 6.869278907775879 164
1727036876958 7.116881370544434 165
1727036877041 5.98378849029541 166
1727036877144 6.498929977416992 167
1727036877235 6.36448860168457 168
1727036877320 6.162843704223633 169
1727036877438 7.813129901885986 170
1727036877543 6.432551860809326 171
1727036877660 6.04576301574707 172
1727036877775 6.179630279541016 173
1727036877885 6.439668655395508 174
1727036877994 6.021936416625977 175
1727036878092 6.712404727935791 176
1727036878196 5.816694259643555 177
1727036878288 6.313976287841797 178
1727036878372 6.3966827392578125 179
1727036878453 6.623705863952637 180
1727036878542 5.966763019561768 181
1727036878640 6.464994430541992 182
1727036878730 5.7131171226501465 183
1727036878785 6.284206390380859 184
1727036878871 5.53523063659668 185
1727036878938 6.412787437438965 186
1727036879006 5.192644119262695 187
1727036879076 6.649565696716309 188
1727036879142 6.907857418060303 189
1727036879206 5.492368221282959 190
1727036879278 6.184347629547119 191
1727036879339 4.910154342651367 192
1727036879408 6.8111796379089355 193
1727036879470 6.998016834259033 194
1727036879552 5.288044452667236 195
1727036879620 5.934837341308594 196
1727036879685 5.818131446838379 197
1727036879754 6.993449687957764 198
1727036879820 6.203245639801025 199
1727036879889 6.031363487243652 200
1727036879957 4.9502716064453125 201
1727036880027 4.584562301635742 202
1727036880089 5.487972259521484 203
1727036880156 5.010884761810303 204
1727036880253 5.918176651000977 205
1727036880325 6.003574371337891 206
1727036880392 4.6642231941223145 207
1727036880469 4.966755390167236 208
1727036880539 5.454966068267822 209
1727036880608 5.471426963806152 210
1727036880673 5.055586338043213 211
1727036880754 5.969576835632324 212
1727036880825 5.36338472366333 213
1727036880892 4.52538537979126 214
1727036880956 5.036949157714844 215
1727036881035 5.432872772216797 216
1727036881101 4.935196876525879 217
1727036881160 4.2167067527771 218
1727036881226 5.9139227867126465 219
1727036881301 4.657304763793945 220
1727036881369 4.5085015296936035 221
1727036881436 4.235930919647217 222
1727036881503 6.177681922912598 223
1727036881568 5.485758304595947 224
1727036881620 5.069092750549316 225
1727036881693 5.27239465713501 226
1727036881768 4.253023147583008 227
1727036881819 5.392911434173584 228
1727036881892 4.6203742027282715 229
1727036881956 5.249106407165527 230
1727036882022 4.227840423583984 231
1727036882092 5.383394241333008 232
1727036882157 6.8194708824157715 233
1727036882223 4.488612174987793 234
1727036882289 5.342383861541748 235
1727036882352 5.947232723236084 236
1727036882430 5.245096206665039 237
1727036882491 4.377591609954834 238
1727036882568 4.569650650024414 239
1727036882635 4.592294216156006 240
1727036882701 5.6049933433532715 241
1727036882757 3.9493746757507324 242
1727036882826 4.271206855773926 243
1727036882889 4.362333297729492 244
1727036882956 4.163233280181885 245
1727036883022 3.966756582260132 246
1727036883086 4.1823225021362305 247
1727036883153 4.78172492980957 248
1727036883225 3.816318988800049 249
1727036883308 4.26729154586792 250
1727036883376 4.24404239654541 251
1727036883439 4.269415378570557 252
1727036883505 3.4647059440612793 253
1727036883575 4.258302688598633 254
1727036883639 4.09178352355957 255
1727036883708 4.501439571380615 256
1727036883785 3.8825132846832275 257
1727036883852 4.450534343719482 258
1727036883919 4.109682559967041 259
1727036884011 4.423301696777344 260
1727036884072 4.440710544586182 261
1727036884138 3.6180906295776367 262
1727036884211 5.23793888092041 263
1727036884278 5.662920951843262 264
1727036884344 5.390867233276367 265
1727036884412 4.116900444030762 266
1727036884472 4.540704727172852 267
1727036884541 4.055361270904541 268
1727036884609 5.091243743896484 269
1727036884684 5.456154823303223 270
1727036884736 3.666520833969116 271
1727036884809 3.736135721206665 272
1727036884884 3.500453472137451 273
1727036884942 4.1139044761657715 274
1727036885005 4.077492713928223 275
1727036885075 4.527579307556152 276
1727036885143 3.6195716857910156 277
1727036885203 4.139101028442383 278
1727036885274 4.59383487701416 279
1727036885343 5.425890922546387 280
1727036885409 3.959024667739868 281
1727036885475 4.346031188964844 282
1727036885536 4.357804775238037 283
1727036885609 3.518226146697998 284
1727036885685 3.8252344131469727 285
1727036885742 3.4672226905822754 286
1727036885808 3.3243682384490967 287
1727036885886 4.44878625869751 288
1727036885954 3.86795973777771 289
1727036886019 3.8535451889038086 290
1727036886085 4.344126224517822 291
1727036886136 3.944972515106201 292
1727036886218 3.82281494140625 293
1727036886275 4.879026412963867 294
1727036886351 3.1570982933044434 295
1727036886418 3.7412774562835693 296
1727036886484 3.510814666748047 297
1727036886552 3.5320756435394287 298
1727036886603 3.4049558639526367 299
1727036886676 4.005156517028809 300
1727036886742 4.551310062408447 301
1727036886805 3.923285484313965 302
1727036886872 3.599478006362915 303
1727036886942 3.6472675800323486 304
1727036887005 3.964472532272339 305
1727036887074 5.741357326507568 306
1727036887140 4.585912227630615 307
1727036887209 3.8572301864624023 308
1727036887272 4.022104263305664 309
1727036887369 3.3276913166046143 310
1727036887434 3.59969425201416 311
1727036887502 4.219003677368164 312
1727036887558 3.295949697494507 313
1727036887634 3.8942151069641113 314
1727036887686 3.5338356494903564 315
1727036887768 4.465030193328857 316
1727036887819 2.7780961990356445 317
1727036887892 3.8469014167785645 318
1727036887961 3.2782645225524902 319
1727036888025 2.561058759689331 320
1727036888099 4.474379539489746 321
1727036888160 3.351418972015381 322
1727036888230 3.595595121383667 323
1727036888294 3.2452011108398438 324
1727036888356 3.73940110206604 325
1727036888424 2.335786819458008 326
1727036888490 2.8438847064971924 327
1727036888558 3.883192777633667 328
1727036888626 3.028324842453003 329
1727036888703 4.1743550300598145 330
1727036888769 4.156522750854492 331
1727036888834 2.874319076538086 332
1727036888886 3.4385194778442383 333
1727036888961 2.4173195362091064 334
1727036889028 2.80026912689209 335
1727036889086 3.512636423110962 336
1727036889163 3.2136690616607666 337
1727036889223 3.41229510307312 338
1727036889294 3.401423692703247 339
1727036889356 3.720749855041504 340
1727036889427 3.2230801582336426 341
1727036889503 3.6940629482269287 342
1727036889615 2.742647409439087 343
1727036889679 2.7968358993530273 344
1727036889736 2.546689033508301 345
1727036889806 4.330996036529541 346
1727036889875 3.4317221641540527 347
1727036889943 4.248795509338379 348
1727036890008 3.681185483932495 349
1727036890074 4.283470153808594 350
1727036890138 2.7678136825561523 351
1727036890205 4.050929546356201 352
1727036890270 3.1868815422058105 353
1727036890334 3.3178319931030273 354
1727036890401 3.7168028354644775 355
1727036890486 4.109417915344238 356
1727036890557 4.376647472381592 357
1727036890623 2.688756227493286 358
1727036890689 3.0309829711914062 359
1727036890756 4.009335517883301 360
1727036890822 3.802381753921509 361
1727036890887 3.983788013458252 362
1727036890955 2.9810075759887695 363
1727036891020 3.467312812805176 364
1727036891085 2.662426471710205 365
1727036891151 3.6524832248687744 366
1727036891210 3.1697874069213867 367
1727036891279 2.6948835849761963 368
1727036891345 2.2817606925964355 369
1727036891408 2.725370407104492 370
1727036891477 3.5036892890930176 371
1727036891544 3.374777317047119 372
1727036891610 3.916973114013672 373
1727036891669 3.96576189994812 374
1727036891747 2.685509204864502 375
1727036891814 3.4552013874053955 376
1727036891869 3.779062032699585 377
1727036891940 3.8083600997924805 378
1727036892008 3.6862564086914062 379
1727036892075 3.7282023429870605 380
1727036892141 2.6424715518951416 381
1727036892206 2.235339641571045 382
1727036892278 2.896578788757324 383
1727036892342 3.0230636596679688 384
1727036892409 3.978830575942993 385
1727036892476 3.0677971839904785 386
1727036892542 2.737109422683716 387
1727036892609 3.9395620822906494 388
1727036892674 2.3204309940338135 389
1727036892738 3.185166597366333 390
1727036892807 2.739365577697754 391
1727036892873 2.898017406463623 392
1727036892939 2.459028959274292 393
1727036893004 2.4337286949157715 394
1727036893068 2.2287628650665283 395
1727036893121 4.152075290679932 396
1727036893199 3.3420119285583496 397
1727036893265 2.858091354370117 398
1727036893327 2.667634963989258 399
1727036893392 3.7235429286956787 400
1727036893457 2.9996278285980225 401
1727036893530 2.4996488094329834 402
1727036893592 2.914780616760254 403
1727036893658 3.0520200729370117 404
1727036893723 2.5550951957702637 405
1727036893812 3.502532482147217 406
1727036893871 2.9807634353637695 407
1727036893943 3.663503408432007 408
1727036894007 3.280491590499878 409
1727036894070 3.5011863708496094 410
1727036894136 4.08821439743042 411
1727036894203 3.0106890201568604 412
1727036894265 2.582907199859619 413
1727036894322 4.010092735290527 414
1727036894393 3.45737886428833 415
1727036894459 2.9541406631469727 416
