1727036148614 17.6098575592041 0
1727036148717 17.083160400390625 1
1727036148805 16.853708267211914 2
1727036148888 16.50983428955078 3
1727036148970 16.011363983154297 4
1727036149054 16.329423904418945 5
1727036149134 16.060428619384766 6
1727036149209 15.723146438598633 7
1727036149288 15.303475379943848 8
1727036149368 15.476364135742188 9
1727036149454 15.835891723632812 10
1727036149535 14.688849449157715 11
1727036149604 14.474946975708008 12
1727036149691 14.572675704956055 13
1727036149768 14.56039810180664 14
1727036149869 15.45119571685791 15
1727036149943 15.033589363098145 16
1727036150020 14.458343505859375 17
1727036150102 14.437872886657715 18
1727036150187 14.0766019821167 19
1727036150271 13.685081481933594 20
1727036150354 14.2861328125 21
1727036150438 13.877063751220703 22
1727036150522 13.295449256896973 23
1727036150607 13.367450714111328 24
1727036150685 13.882201194763184 25
1727036150773 13.750910758972168 26
1727036150854 13.29231071472168 27
1727036150935 12.879898071289062 28
1727036151008 13.875125885009766 29
1727036151088 12.938518524169922 30
1727036151171 13.61068344116211 31
1727036151254 13.206008911132812 32
1727036151337 12.960253715515137 33
1727036151420 12.595005989074707 34
1727036151501 13.031904220581055 35
1727036151571 13.26483154296875 36
1727036151654 12.516469955444336 37
1727036151737 12.536502838134766 38
1727036151821 12.746733665466309 39
1727036151905 13.102466583251953 40
1727036151987 12.90415096282959 41
1727036152071 12.167110443115234 42
1727036152154 12.331485748291016 43
1727036152252 12.434407234191895 44
1727036152350 12.22546672821045 45
1727036152418 11.585820198059082 46
1727036152506 11.820453643798828 47
1727036152588 11.870261192321777 48
1727036152672 12.754291534423828 49
1727036152754 12.544941902160645 50
1727036152838 11.428132057189941 51
1727036152938 12.366365432739258 52
1727036153035 12.002196311950684 53
1727036153119 11.95339584350586 54
1727036153200 11.663501739501953 55
1727036153271 11.848464965820312 56
1727036153371 11.26230239868164 57
1727036153452 11.497379302978516 58
1727036153526 11.30783462524414 59
1727036153601 10.77900218963623 60
1727036153684 12.113607406616211 61
1727036153768 10.785271644592285 62
1727036153855 10.533514022827148 63
1727036153939 10.38808822631836 64
1727036154034 10.65135383605957 65
1727036154107 10.485157012939453 66
1727036154187 11.392350196838379 67
1727036154271 11.2568941116333 68
1727036154354 10.421442985534668 69
1727036154452 10.798104286193848 70
1727036154534 11.482209205627441 71
1727036154622 10.420964241027832 72
1727036154718 10.239925384521484 73
1727036154801 9.283638954162598 74
1727036154875 10.065019607543945 75
1727036154952 9.617202758789062 76
1727036155042 9.218729972839355 77
1727036155123 9.097135543823242 78
1727036155204 9.895418167114258 79
1727036155288 9.432971954345703 80
1727036155371 10.145451545715332 81
1727036155456 8.495000839233398 82
1727036155550 8.652349472045898 83
1727036155621 9.72884464263916 84
1727036155704 7.983667850494385 85
1727036155787 8.378908157348633 86
1727036155884 8.78420352935791 87
1727036155968 8.978901863098145 88
1727036156055 8.302013397216797 89
1727036156138 8.481172561645508 90
1727036156221 7.933254718780518 91
1727036156304 8.416824340820312 92
1727036156387 7.485074996948242 93
1727036156473 8.763340950012207 94
1727036156555 8.658461570739746 95
1727036156638 8.436741828918457 96
1727036156721 8.438904762268066 97
1727036156803 8.13248062133789 98
1727036156885 7.430449485778809 99
