1727036489331 17.68938446044922 0
1727036489420 17.406429290771484 1
1727036489491 17.063825607299805 2
1727036489557 16.84105682373047 3
1727036489622 16.868324279785156 4
1727036489691 16.393707275390625 5
1727036489753 16.205951690673828 6
1727036489835 16.48349952697754 7
1727036489900 16.106752395629883 8
1727036489968 16.247196197509766 9
1727036490035 15.834339141845703 10
1727036490102 15.748125076293945 11
1727036490169 15.615378379821777 12
1727036490236 15.53900146484375 13
1727036490302 15.463936805725098 14
1727036490369 15.462709426879883 15
1727036490435 15.475845336914062 16
1727036490501 15.051559448242188 17
1727036490567 14.976701736450195 18
1727036490634 14.65396785736084 19
1727036490701 14.646909713745117 20
1727036490769 15.038430213928223 21
1727036490837 14.46280574798584 22
1727036490902 14.993175506591797 23
1727036490969 14.536136627197266 24
1727036491036 14.673473358154297 25
1727036491107 14.698704719543457 26
1727036491175 14.65701675415039 27
1727036491241 15.113052368164062 28
1727036491304 14.29869556427002 29
1727036491374 13.70523452758789 30
1727036491438 14.355571746826172 31
1727036491508 14.058687210083008 32
1727036491571 13.679727554321289 33
1727036491641 13.93270492553711 34
1727036491705 14.090100288391113 35
1727036491771 13.604724884033203 36
1727036491841 13.631476402282715 37
1727036491917 14.261842727661133 38
1727036491984 14.492733001708984 39
1727036492072 13.418134689331055 40
1727036492139 12.987796783447266 41
1727036492205 13.19572925567627 42
1727036492274 12.93028450012207 43
1727036492339 13.610817909240723 44
1727036492405 13.68644905090332 45
1727036492471 12.80084228515625 46
1727036492535 13.590383529663086 47
1727036492602 13.097454071044922 48
1727036492669 13.010669708251953 49
1727036492734 12.939908027648926 50
1727036492800 12.7213134765625 51
1727036492857 12.955862998962402 52
1727036492919 12.45008373260498 53
1727036493000 13.295893669128418 54
1727036493067 12.767434120178223 55
1727036493134 12.361698150634766 56
1727036493201 12.619929313659668 57
1727036493267 12.862174987792969 58
1727036493334 12.628952026367188 59
1727036493403 13.019694328308105 60
1727036493469 13.165297508239746 61
1727036493538 12.348428726196289 62
1727036493602 12.524568557739258 63
1727036493669 12.281451225280762 64
1727036493735 12.123383522033691 65
1727036493801 12.446314811706543 66
1727036493872 11.95522689819336 67
1727036493938 12.685755729675293 68
1727036494003 11.810230255126953 69
1727036494071 11.790949821472168 70
1727036494136 11.907609939575195 71
1727036494202 11.97158432006836 72
1727036494269 12.515979766845703 73
1727036494340 12.452194213867188 74
1727036494407 12.71537971496582 75
1727036494474 12.205196380615234 76
1727036494538 11.695594787597656 77
1727036494609 12.275150299072266 78
1727036494671 12.02743148803711 79
1727036494742 12.057944297790527 80
1727036494804 11.776463508605957 81
1727036494875 11.813444137573242 82
1727036494936 11.759638786315918 83
1727036495037 11.724544525146484 84
1727036495104 11.689449310302734 85
1727036495172 12.2249116897583 86
1727036495238 12.208263397216797 87
1727036495304 12.263245582580566 88
1727036495370 10.900080680847168 89
1727036495439 11.624770164489746 90
1727036495503 10.778121948242188 91
1727036495569 10.717999458312988 92
1727036495636 10.856639862060547 93
1727036495702 11.062088012695312 94
1727036495769 10.313207626342773 95
1727036495835 11.819294929504395 96
1727036495886 11.106789588928223 97
1727036495958 11.152351379394531 98
1727036496026 11.00239372253418 99
1727036496091 11.495587348937988 100
1727036496159 11.403037071228027 101
1727036496234 11.458681106567383 102
1727036496291 11.52148151397705 103
1727036496353 10.613593101501465 104
1727036496425 10.373072624206543 105
1727036496486 10.547435760498047 106
1727036496558 12.222187042236328 107
1727036496634 11.079630851745605 108
1727036496686 10.223008155822754 109
1727036496767 10.415702819824219 110
1727036496835 9.496662139892578 111
1727036496900 9.834284782409668 112
1727036496967 10.736294746398926 113
1727036497019 9.513912200927734 114
1727036497102 9.644179344177246 115
1727036497167 9.944332122802734 116
1727036497234 10.05524730682373 117
1727036497302 9.57588005065918 118
1727036497368 10.231195449829102 119
1727036497435 9.743208885192871 120
1727036497500 10.152454376220703 121
1727036497567 10.657197952270508 122
1727036497634 9.412537574768066 123
1727036497692 8.698381423950195 124
1727036497753 9.035552024841309 125
1727036497837 9.771158218383789 126
1727036497906 9.030142784118652 127
1727036497973 9.05111026763916 128
1727036498041 8.786998748779297 129
1727036498109 8.702069282531738 130
1727036498190 8.906295776367188 131
1727036498252 9.217560768127441 132
1727036498325 9.426116943359375 133
1727036498388 9.127391815185547 134
1727036498457 8.548378944396973 135
1727036498521 9.047293663024902 136
1727036498590 8.038972854614258 137
1727036498658 8.243032455444336 138
1727036498735 7.820432186126709 139
1727036498802 8.230094909667969 140
1727036498870 8.88027572631836 141
1727036498938 8.555133819580078 142
1727036499003 7.686700820922852 143
1727036499071 8.22265625 144
1727036499136 8.288818359375 145
1727036499202 7.670560359954834 146
1727036499268 7.231073379516602 147
1727036499335 7.79097843170166 148
1727036499400 7.564244747161865 149
1727036499467 7.647432804107666 150
1727036499519 7.744871139526367 151
1727036499601 7.808078289031982 152
1727036499668 7.245489120483398 153
1727036499735 7.365793228149414 154
1727036499800 7.169118404388428 155
1727036499871 6.947042465209961 156
1727036499937 7.947835922241211 157
1727036500003 7.074718952178955 158
1727036500069 8.396267890930176 159
1727036500137 6.741820812225342 160
1727036500204 6.444462299346924 161
1727036500269 7.297586441040039 162
1727036500335 7.205446243286133 163
1727036500402 6.869278907775879 164
1727036500467 7.116881370544434 165
1727036500534 5.98378849029541 166
1727036500586 6.498929977416992 167
1727036500658 6.36448860168457 168
1727036500719 6.162843704223633 169
1727036500800 7.813129901885986 170
1727036500852 6.432551860809326 171
1727036500934 6.04576301574707 172
1727036500986 6.179630279541016 173
1727036501067 6.439668655395508 174
1727036501121 6.021936416625977 175
1727036501191 6.712404727935791 176
1727036501267 5.816694259643555 177
1727036501334 6.313976287841797 178
1727036501401 6.3966827392578125 179
1727036501454 6.623705863952637 180
1727036501553 5.966763019561768 181
1727036501618 6.464994430541992 182
1727036501684 5.7131171226501465 183
1727036501743 6.284206390380859 184
1727036501817 5.53523063659668 185
1727036501884 6.412787437438965 186
1727036501951 5.192644119262695 187
1727036502017 6.649565696716309 188
1727036502075 6.907857418060303 189
1727036502151 5.492368221282959 190
1727036502217 6.184347629547119 191
1727036502269 4.910154342651367 192
1727036502351 6.8111796379089355 193
1727036502403 6.998016834259033 194
1727036502470 5.288044452667236 195
1727036502543 5.934837341308594 196
1727036502608 5.818131446838379 197
1727036502676 6.993449687957764 198
1727036502738 6.203245639801025 199
1727036502808 6.031363487243652 200
1727036502875 4.9502716064453125 201
1727036502938 4.584562301635742 202
1727036503002 5.487972259521484 203
1727036503084 5.010884761810303 204
1727036503151 5.918176651000977 205
1727036503207 6.003574371337891 206
1727036503269 4.6642231941223145 207
1727036503354 4.966755390167236 208
1727036503420 5.454966068267822 209
1727036503486 5.471426963806152 210
1727036503541 5.055586338043213 211
1727036503602 5.969576835632324 212
1727036503675 5.36338472366333 213
1727036503736 4.52538537979126 214
1727036503808 5.036949157714844 215
1727036503869 5.432872772216797 216
1727036503941 4.935196876525879 217
1727036504003 4.2167067527771 218
1727036504075 5.9139227867126465 219
1727036504138 4.657304763793945 220
1727036504209 4.5085015296936035 221
1727036504275 4.235930919647217 222
1727036504342 6.177681922912598 223
1727036504405 5.485758304595947 224
1727036504474 5.069092750549316 225
1727036504542 5.27239465713501 226
1727036504605 4.253023147583008 227
1727036504684 5.392911434173584 228
1727036504752 4.6203742027282715 229
1727036504818 5.249106407165527 230
1727036504884 4.227840423583984 231
1727036504972 5.383394241333008 232
1727036505036 6.8194708824157715 233
1727036505105 4.488612174987793 234
1727036505171 5.342383861541748 235
1727036505237 5.947232723236084 236
1727036505304 5.245096206665039 237
1727036505371 4.377591609954834 238
1727036505435 4.569650650024414 239
1727036505501 4.592294216156006 240
1727036505552 5.6049933433532715 241
1727036505634 3.9493746757507324 242
1727036505686 4.271206855773926 243
1727036505759 4.362333297729492 244
1727036505835 4.163233280181885 245
1727036505903 3.966756582260132 246
1727036505969 4.1823225021362305 247
1727036506035 4.78172492980957 248
1727036506102 3.816318988800049 249
1727036506169 4.26729154586792 250
1727036506237 4.24404239654541 251
1727036506302 4.269415378570557 252
1727036506369 3.4647059440612793 253
1727036506435 4.258302688598633 254
1727036506486 4.09178352355957 255
1727036506558 4.501439571380615 256
1727036506621 3.8825132846832275 257
1727036506719 4.450534343719482 258
1727036506804 4.109682559967041 259
1727036506868 4.423301696777344 260
1727036506935 4.440710544586182 261
1727036507001 3.6180906295776367 262
1727036507069 5.23793888092041 263
1727036507134 5.662920951843262 264
1727036507202 5.390867233276367 265
1727036507268 4.116900444030762 266
1727036507335 4.540704727172852 267
1727036507395 4.055361270904541 268
1727036507468 5.091243743896484 269
1727036507535 5.456154823303223 270
1727036507603 3.666520833969116 271
1727036507669 3.736135721206665 272
1727036507735 3.500453472137451 273
1727036507789 4.1139044761657715 274
1727036507868 4.077492713928223 275
1727036507933 4.527579307556152 276
1727036508001 3.6195716857910156 277
1727036508067 4.139101028442383 278
1727036508118 4.59383487701416 279
1727036508190 5.425890922546387 280
1727036508258 3.959024667739868 281
1727036508357 4.346031188964844 282
1727036508423 4.357804775238037 283
1727036508489 3.518226146697998 284
1727036508555 3.8252344131469727 285
1727036508620 3.4672226905822754 286
1727036508684 3.3243682384490967 287
1727036508736 4.44878625869751 288
1727036508817 3.86795973777771 289
1727036508884 3.8535451889038086 290
1727036508951 4.344126224517822 291
1727036509019 3.944972515106201 292
1727036509085 3.82281494140625 293
1727036509151 4.879026412963867 294
1727036509217 3.1570982933044434 295
1727036509269 3.7412774562835693 296
1727036509342 3.510814666748047 297
1727036509402 3.5320756435394287 298
1727036509476 3.4049558639526367 299
1727036509542 4.005156517028809 300
1727036509613 4.551310062408447 301
1727036509673 3.923285484313965 302
1727036509738 3.599478006362915 303
1727036509808 3.6472675800323486 304
1727036509871 3.964472532272339 305
1727036509941 5.741357326507568 306
1727036510005 4.585912227630615 307
1727036510088 3.8572301864624023 308
1727036510167 4.022104263305664 309
1727036510241 3.3276913166046143 310
1727036510308 3.59969425201416 311
1727036510371 4.219003677368164 312
1727036510441 3.295949697494507 313
1727036510505 3.8942151069641113 314
1727036510576 3.5338356494903564 315
1727036510638 4.465030193328857 316
1727036510708 2.7780961990356445 317
1727036510776 3.8469014167785645 318
1727036510841 3.2782645225524902 319
1727036510917 2.561058759689331 320
1727036510985 4.474379539489746 321
1727036511052 3.351418972015381 322
1727036511120 3.595595121383667 323
1727036511188 3.2452011108398438 324
1727036511253 3.73940110206604 325
1727036511318 2.335786819458008 326
1727036511384 2.8438847064971924 327
1727036511436 3.883192777633667 328
1727036511517 3.028324842453003 329
1727036511584 4.1743550300598145 330
1727036511652 4.156522750854492 331
1727036511703 2.874319076538086 332
1727036511784 3.4385194778442383 333
1727036511875 2.4173195362091064 334
1727036511938 2.80026912689209 335
1727036512007 3.512636423110962 336
1727036512076 3.2136690616607666 337
1727036512138 3.41229510307312 338
1727036512208 3.401423692703247 339
1727036512271 3.720749855041504 340
1727036512341 3.2230801582336426 341
1727036512407 3.6940629482269287 342
1727036512475 2.742647409439087 343
1727036512538 2.7968358993530273 344
1727036512602 2.546689033508301 345
1727036512675 4.330996036529541 346
1727036512736 3.4317221641540527 347
1727036512808 4.248795509338379 348
1727036512886 3.681185483932495 349
1727036512953 4.283470153808594 350
1727036513019 2.7678136825561523 351
1727036513087 4.050929546356201 352
1727036513152 3.1868815422058105 353
1727036513222 3.3178319931030273 354
1727036513291 3.7168028354644775 355
1727036513368 4.109417915344238 356
1727036513435 4.376647472381592 357
1727036513507 2.688756227493286 358
1727036513574 3.0309829711914062 359
1727036513650 4.009335517883301 360
1727036513718 3.802381753921509 361
1727036513784 3.983788013458252 362
1727036513851 2.9810075759887695 363
1727036513920 3.467312812805176 364
1727036513988 2.662426471710205 365
1727036514055 3.6524832248687744 366
1727036514123 3.1697874069213867 367
1727036514191 2.6948835849761963 368
1727036514258 2.2817606925964355 369
1727036514325 2.725370407104492 370
1727036514391 3.5036892890930176 371
1727036514467 3.374777317047119 372
1727036514534 3.916973114013672 373
1727036514600 3.96576189994812 374
1727036514668 2.685509204864502 375
1727036514735 3.4552013874053955 376
1727036514801 3.779062032699585 377
1727036514873 3.8083600997924805 378
1727036514941 3.6862564086914062 379
1727036515008 3.7282023429870605 380
1727036515074 2.6424715518951416 381
1727036515141 2.235339641571045 382
1727036515207 2.896578788757324 383
1727036515274 3.0230636596679688 384
1727036515341 3.978830575942993 385
1727036515408 3.0677971839904785 386
1727036515505 2.737109422683716 387
1727036515571 3.9395620822906494 388
1727036515636 2.3204309940338135 389
1727036515703 3.185166597366333 390
1727036515769 2.739365577697754 391
1727036515836 2.898017406463623 392
1727036515902 2.459028959274292 393
1727036515967 2.4337286949157715 394
1727036516034 2.2287628650665283 395
1727036516091 4.152075290679932 396
1727036516158 3.3420119285583496 397
1727036516239 2.858091354370117 398
1727036516306 2.667634963989258 399
1727036516373 3.7235429286956787 400
1727036516438 2.9996278285980225 401
1727036516505 2.4996488094329834 402
1727036516571 2.914780616760254 403
1727036516636 3.0520200729370117 404
1727036516702 2.5550951957702637 405
1727036516769 3.502532482147217 406
1727036516825 2.9807634353637695 407
1727036516888 3.663503408432007 408
1727036516957 3.280491590499878 409
1727036517021 3.5011863708496094 410
1727036517090 4.08821439743042 411
1727036517157 3.0106890201568604 412
1727036517223 2.582907199859619 413
1727036517287 4.010092735290527 414
1727036517336 3.45737886428833 415
1727036517408 2.9541406631469727 416
