1727112775743 17.68938446044922 0
1727112775825 17.406429290771484 1
1727112775900 17.063825607299805 2
1727112775976 16.84105682373047 3
1727112776044 16.868324279785156 4
1727112776114 16.393707275390625 5
1727112776183 16.205951690673828 6
1727112776247 16.48349952697754 7
1727112776315 16.106752395629883 8
1727112776413 16.247196197509766 9
1727112776493 15.834339141845703 10
1727112776559 15.748125076293945 11
1727112776629 15.615378379821777 12
1727112776697 15.53900146484375 13
1727112776766 15.463936805725098 14
1727112776848 15.462709426879883 15
1727112776917 15.475845336914062 16
1727112776984 15.051559448242188 17
1727112777052 14.976701736450195 18
1727112777112 14.65396785736084 19
1727112777191 14.646909713745117 20
1727112777265 15.038430213928223 21
1727112777334 14.46280574798584 22
1727112777401 14.993175506591797 23
1727112777476 14.536136627197266 24
1727112777543 14.673473358154297 25
1727112777610 14.698704719543457 26
1727112777678 14.65701675415039 27
1727112777745 15.113052368164062 28
1727112777812 14.29869556427002 29
1727112777880 13.70523452758789 30
1727112777948 14.355571746826172 31
1727112778015 14.058687210083008 32
1727112778079 13.679727554321289 33
1727112778143 13.93270492553711 34
1727112778217 14.090100288391113 35
1727112778285 13.604724884033203 36
1727112778359 13.631476402282715 37
1727112778427 14.261842727661133 38
1727112778493 14.492733001708984 39
1727112778560 13.418134689331055 40
1727112778629 12.987796783447266 41
1727112778696 13.19572925567627 42
1727112778763 12.93028450012207 43
1727112778830 13.610817909240723 44
1727112778897 13.68644905090332 45
1727112778964 12.80084228515625 46
1727112779032 13.590383529663086 47
1727112779100 13.097454071044922 48
1727112779162 13.010669708251953 49
1727112779232 12.939908027648926 50
1727112779301 12.7213134765625 51
1727112779362 12.955862998962402 52
1727112779442 12.45008373260498 53
1727112779510 13.295893669128418 54
1727112779576 12.767434120178223 55
1727112779641 12.361698150634766 56
1727112779710 12.619929313659668 57
1727112779776 12.862174987792969 58
1727112779843 12.628952026367188 59
1727112779912 13.019694328308105 60
1727112779979 13.165297508239746 61
1727112780049 12.348428726196289 62
1727112780112 12.524568557739258 63
1727112780182 12.281451225280762 64
1727112780249 12.123383522033691 65
1727112780333 12.446314811706543 66
1727112780401 11.95522689819336 67
1727112780462 12.685755729675293 68
1727112780541 11.810230255126953 69
1727112780615 11.790949821472168 70
1727112780684 11.907609939575195 71
1727112780761 11.97158432006836 72
1727112780829 12.515979766845703 73
1727112780895 12.452194213867188 74
1727112780964 12.71537971496582 75
1727112781032 12.205196380615234 76
1727112781099 11.695594787597656 77
1727112781162 12.275150299072266 78
1727112781232 12.02743148803711 79
1727112781293 12.057944297790527 80
1727112781376 11.776463508605957 81
1727112781442 11.813444137573242 82
1727112781510 11.759638786315918 83
1727112781577 11.724544525146484 84
1727112781643 11.689449310302734 85
1727112781712 12.2249116897583 86
1727112781782 12.208263397216797 87
1727112781849 12.263245582580566 88
1727112781918 10.900080680847168 89
1727112781979 11.624770164489746 90
1727112782058 10.778121948242188 91
1727112782127 10.717999458312988 92
1727112782196 10.856639862060547 93
1727112782265 11.062088012695312 94
1727112782329 10.313207626342773 95
1727112782397 11.819294929504395 96
1727112782462 11.106789588928223 97
1727112782532 11.152351379394531 98
1727112782599 11.00239372253418 99
1727112782665 11.495587348937988 100
1727112782749 11.403037071228027 101
1727112782829 11.458681106567383 102
1727112782901 11.52148151397705 103
1727112782976 10.613593101501465 104
1727112783049 10.373072624206543 105
1727112783117 10.547435760498047 106
1727112783179 12.222187042236328 107
1727112783248 11.079630851745605 108
1727112783312 10.223008155822754 109
1727112783382 10.415702819824219 110
1727112783458 9.496662139892578 111
1727112783525 9.834284782409668 112
1727112783594 10.736294746398926 113
1727112783660 9.513912200927734 114
1727112783745 9.644179344177246 115
1727112783811 9.944332122802734 116
1727112783878 10.05524730682373 117
1727112783945 9.57588005065918 118
1727112784013 10.231195449829102 119
1727112784080 9.743208885192871 120
1727112784164 10.152454376220703 121
1727112784278 10.657197952270508 122
1727112784345 9.412537574768066 123
1727112784416 8.698381423950195 124
1727112784492 9.035552024841309 125
1727112784561 9.771158218383789 126
1727112784627 9.030142784118652 127
1727112784694 9.05111026763916 128
1727112784761 8.786998748779297 129
1727112784829 8.702069282531738 130
1727112784896 8.906295776367188 131
1727112784962 9.217560768127441 132
1727112785031 9.426116943359375 133
1727112785098 9.127391815185547 134
1727112785166 8.548378944396973 135
1727112785229 9.047293663024902 136
1727112785298 8.038972854614258 137
1727112785362 8.243032455444336 138
1727112785431 7.820432186126709 139
1727112785498 8.230094909667969 140
1727112785575 8.88027572631836 141
1727112785642 8.555133819580078 142
1727112785709 7.686700820922852 143
1727112785776 8.22265625 144
1727112785843 8.288818359375 145
1727112785910 7.670560359954834 146
1727112785976 7.231073379516602 147
1727112786043 7.79097843170166 148
1727112786109 7.564244747161865 149
1727112786177 7.647432804107666 150
1727112786243 7.744871139526367 151
1727112786314 7.808078289031982 152
1727112786381 7.245489120483398 153
1727112786445 7.365793228149414 154
1727112786515 7.169118404388428 155
1727112786582 6.947042465209961 156
1727112786650 7.947835922241211 157
1727112786726 7.074718952178955 158
1727112786793 8.396267890930176 159
1727112786861 6.741820812225342 160
1727112786926 6.444462299346924 161
1727112786993 7.297586441040039 162
1727112787077 7.205446243286133 163
1727112787145 6.869278907775879 164
1727112787211 7.116881370544434 165
1727112787280 5.98378849029541 166
1727112787346 6.498929977416992 167
1727112787408 6.36448860168457 168
1727112787481 6.162843704223633 169
1727112787548 7.813129901885986 170
1727112787615 6.432551860809326 171
1727112787698 6.04576301574707 172
1727112787767 6.179630279541016 173
1727112787831 6.439668655395508 174
1727112787898 6.021936416625977 175
1727112787964 6.712404727935791 176
1727112788031 5.816694259643555 177
1727112788098 6.313976287841797 178
1727112788165 6.3966827392578125 179
1727112788241 6.623705863952637 180
1727112788313 5.966763019561768 181
1727112788379 6.464994430541992 182
1727112788447 5.7131171226501465 183
1727112788514 6.284206390380859 184
1727112788581 5.53523063659668 185
1727112788648 6.412787437438965 186
1727112788715 5.192644119262695 187
1727112788782 6.649565696716309 188
1727112788850 6.907857418060303 189
1727112788909 5.492368221282959 190
1727112788992 6.184347629547119 191
1727112789059 4.910154342651367 192
1727112789125 6.8111796379089355 193
1727112789193 6.998016834259033 194
1727112789259 5.288044452667236 195
1727112789327 5.934837341308594 196
1727112789393 5.818131446838379 197
1727112789460 6.993449687957764 198
1727112789527 6.203245639801025 199
1727112789596 6.031363487243652 200
1727112789663 4.9502716064453125 201
1727112789728 4.584562301635742 202
1727112789795 5.487972259521484 203
1727112789862 5.010884761810303 204
1727112789929 5.918176651000977 205
1727112789997 6.003574371337891 206
1727112790065 4.6642231941223145 207
1727112790131 4.966755390167236 208
1727112790198 5.454966068267822 209
1727112790265 5.471426963806152 210
1727112790325 5.055586338043213 211
1727112790425 5.969576835632324 212
1727112790492 5.36338472366333 213
1727112790559 4.52538537979126 214
1727112790625 5.036949157714844 215
1727112790693 5.432872772216797 216
1727112790760 4.935196876525879 217
1727112790828 4.2167067527771 218
1727112790895 5.9139227867126465 219
1727112790963 4.657304763793945 220
1727112791031 4.5085015296936035 221
1727112791098 4.235930919647217 222
1727112791166 6.177681922912598 223
1727112791232 5.485758304595947 224
1727112791310 5.069092750549316 225
1727112791376 5.27239465713501 226
1727112791443 4.253023147583008 227
1727112791512 5.392911434173584 228
1727112791591 4.6203742027282715 229
1727112791658 5.249106407165527 230
1727112791726 4.227840423583984 231
1727112791792 5.383394241333008 232
1727112791860 6.8194708824157715 233
1727112791928 4.488612174987793 234
1727112791997 5.342383861541748 235
1727112792063 5.947232723236084 236
1727112792132 5.245096206665039 237
1727112792199 4.377591609954834 238
1727112792279 4.569650650024414 239
1727112792349 4.592294216156006 240
1727112792427 5.6049933433532715 241
1727112792498 3.9493746757507324 242
1727112792577 4.271206855773926 243
1727112792645 4.362333297729492 244
1727112792712 4.163233280181885 245
1727112792779 3.966756582260132 246
1727112792845 4.1823225021362305 247
1727112792912 4.78172492980957 248
1727112792978 3.816318988800049 249
1727112793045 4.26729154586792 250
1727112793112 4.24404239654541 251
1727112793179 4.269415378570557 252
1727112793246 3.4647059440612793 253
1727112793314 4.258302688598633 254
1727112793381 4.09178352355957 255
1727112793448 4.501439571380615 256
1727112793514 3.8825132846832275 257
1727112793582 4.450534343719482 258
1727112793664 4.109682559967041 259
1727112793732 4.423301696777344 260
1727112793799 4.440710544586182 261
1727112793862 3.6180906295776367 262
1727112793932 5.23793888092041 263
1727112793998 5.662920951843262 264
1727112794062 5.390867233276367 265
1727112794131 4.116900444030762 266
1727112794200 4.540704727172852 267
1727112794265 4.055361270904541 268
1727112794341 5.091243743896484 269
1727112794408 5.456154823303223 270
1727112794475 3.666520833969116 271
1727112794542 3.736135721206665 272
1727112794608 3.500453472137451 273
1727112794676 4.1139044761657715 274
1727112794743 4.077492713928223 275
1727112794811 4.527579307556152 276
1727112794876 3.6195716857910156 277
1727112794943 4.139101028442383 278
1727112795010 4.59383487701416 279
1727112795077 5.425890922546387 280
1727112795142 3.959024667739868 281
1727112795210 4.346031188964844 282
1727112795276 4.357804775238037 283
1727112795343 3.518226146697998 284
1727112795408 3.8252344131469727 285
1727112795475 3.4672226905822754 286
1727112795532 3.3243682384490967 287
1727112795611 4.44878625869751 288
1727112795676 3.86795973777771 289
1727112795744 3.8535451889038086 290
1727112795811 4.344126224517822 291
1727112795878 3.944972515106201 292
1727112795943 3.82281494140625 293
1727112796011 4.879026412963867 294
1727112796078 3.1570982933044434 295
1727112796146 3.7412774562835693 296
1727112796213 3.510814666748047 297
1727112796281 3.5320756435394287 298
1727112796349 3.4049558639526367 299
1727112796415 4.005156517028809 300
1727112796482 4.551310062408447 301
1727112796545 3.923285484313965 302
1727112796615 3.599478006362915 303
1727112796682 3.6472675800323486 304
1727112796750 3.964472532272339 305
1727112796825 5.741357326507568 306
1727112796891 4.585912227630615 307
1727112796975 3.8572301864624023 308
1727112797041 4.022104263305664 309
1727112797109 3.3276913166046143 310
1727112797177 3.59969425201416 311
1727112797245 4.219003677368164 312
1727112797311 3.295949697494507 313
1727112797377 3.8942151069641113 314
1727112797442 3.5338356494903564 315
1727112797511 4.465030193328857 316
1727112797578 2.7780961990356445 317
1727112797646 3.8469014167785645 318
1727112797715 3.2782645225524902 319
1727112797779 2.561058759689331 320
1727112797848 4.474379539489746 321
1727112797916 3.351418972015381 322
1727112797991 3.595595121383667 323
1727112798060 3.2452011108398438 324
1727112798126 3.73940110206604 325
1727112798194 2.335786819458008 326
1727112798262 2.8438847064971924 327
1727112798327 3.883192777633667 328
1727112798394 3.028324842453003 329
1727112798461 4.1743550300598145 330
1727112798528 4.156522750854492 331
1727112798596 2.874319076538086 332
1727112798663 3.4385194778442383 333
1727112798731 2.4173195362091064 334
1727112798797 2.80026912689209 335
1727112798865 3.512636423110962 336
1727112798932 3.2136690616607666 337
1727112798998 3.41229510307312 338
1727112799064 3.401423692703247 339
1727112799128 3.720749855041504 340
1727112799198 3.2230801582336426 341
1727112799262 3.6940629482269287 342
1727112799331 2.742647409439087 343
1727112799399 2.7968358993530273 344
1727112799462 2.546689033508301 345
1727112799531 4.330996036529541 346
1727112799599 3.4317221641540527 347
1727112799660 4.248795509338379 348
1727112799742 3.681185483932495 349
1727112799809 4.283470153808594 350
1727112799877 2.7678136825561523 351
1727112799942 4.050929546356201 352
1727112800010 3.1868815422058105 353
1727112800075 3.3178319931030273 354
1727112800144 3.7168028354644775 355
1727112800211 4.109417915344238 356
1727112800278 4.376647472381592 357
1727112800343 2.688756227493286 358
1727112800429 3.0309829711914062 359
1727112800499 4.009335517883301 360
1727112800565 3.802381753921509 361
1727112800632 3.983788013458252 362
1727112800700 2.9810075759887695 363
1727112800762 3.467312812805176 364
1727112800841 2.662426471710205 365
1727112800909 3.6524832248687744 366
1727112800975 3.1697874069213867 367
1727112801042 2.6948835849761963 368
1727112801108 2.2817606925964355 369
1727112801178 2.725370407104492 370
1727112801245 3.5036892890930176 371
1727112801313 3.374777317047119 372
1727112801379 3.916973114013672 373
1727112801447 3.96576189994812 374
1727112801513 2.685509204864502 375
1727112801581 3.4552013874053955 376
1727112801648 3.779062032699585 377
1727112801715 3.8083600997924805 378
1727112801782 3.6862564086914062 379
1727112801849 3.7282023429870605 380
1727112801912 2.6424715518951416 381
1727112801982 2.235339641571045 382
1727112802049 2.896578788757324 383
1727112802112 3.0230636596679688 384
1727112802181 3.978830575942993 385
1727112802249 3.0677971839904785 386
1727112802325 2.737109422683716 387
1727112802392 3.9395620822906494 388
1727112802459 2.3204309940338135 389
1727112802526 3.185166597366333 390
1727112802593 2.739365577697754 391
1727112802660 2.898017406463623 392
1727112802727 2.459028959274292 393
1727112802792 2.4337286949157715 394
1727112802859 2.2287628650665283 395
1727112802928 4.152075290679932 396
1727112802994 3.3420119285583496 397
1727112803062 2.858091354370117 398
1727112803128 2.667634963989258 399
1727112803195 3.7235429286956787 400
1727112803261 2.9996278285980225 401
1727112803328 2.4996488094329834 402
1727112803393 2.914780616760254 403
1727112803461 3.0520200729370117 404
1727112803526 2.5550951957702637 405
1727112803594 3.502532482147217 406
1727112803687 2.9807634353637695 407
1727112803743 3.663503408432007 408
1727112803826 3.280491590499878 409
1727112803895 3.5011863708496094 410
1727112803948 4.08821439743042 411
1727112804015 3.0106890201568604 412
1727112804083 2.582907199859619 413
1727112804146 4.010092735290527 414
1727112804215 3.45737886428833 415
1727112804279 2.9541406631469727 416
