1727036418714 17.68938446044922 0
1727036418790 17.406429290771484 1
1727036418867 17.063825607299805 2
1727036418939 16.84105682373047 3
1727036419006 16.868324279785156 4
1727036419074 16.393707275390625 5
1727036419141 16.205951690673828 6
1727036419205 16.48349952697754 7
1727036419275 16.106752395629883 8
1727036419338 16.247196197509766 9
1727036419418 15.834339141845703 10
1727036419484 15.748125076293945 11
1727036419550 15.615378379821777 12
1727036419617 15.53900146484375 13
1727036419669 15.463936805725098 14
1727036419750 15.462709426879883 15
1727036419802 15.475845336914062 16
1727036419869 15.051559448242188 17
1727036419951 14.976701736450195 18
1727036420019 14.65396785736084 19
1727036420085 14.646909713745117 20
1727036420154 15.038430213928223 21
1727036420225 14.46280574798584 22
1727036420288 14.993175506591797 23
1727036420357 14.536136627197266 24
1727036420435 14.673473358154297 25
1727036420519 14.698704719543457 26
1727036420584 14.65701675415039 27
1727036420651 15.113052368164062 28
1727036420718 14.29869556427002 29
1727036420786 13.70523452758789 30
1727036420853 14.355571746826172 31
1727036420920 14.058687210083008 32
1727036420989 13.679727554321289 33
1727036421056 13.93270492553711 34
1727036421123 14.090100288391113 35
1727036421189 13.604724884033203 36
1727036421257 13.631476402282715 37
1727036421324 14.261842727661133 38
1727036421390 14.492733001708984 39
1727036421458 13.418134689331055 40
1727036421523 12.987796783447266 41
1727036421590 13.19572925567627 42
1727036421657 12.93028450012207 43
1727036421723 13.610817909240723 44
1727036421789 13.68644905090332 45
1727036421855 12.80084228515625 46
1727036421920 13.590383529663086 47
1727036421987 13.097454071044922 48
1727036422051 13.010669708251953 49
1727036422120 12.939908027648926 50
1727036422186 12.7213134765625 51
1727036422252 12.955862998962402 52
1727036422319 12.45008373260498 53
1727036422385 13.295893669128418 54
1727036422452 12.767434120178223 55
1727036422519 12.361698150634766 56
1727036422586 12.619929313659668 57
1727036422658 12.862174987792969 58
1727036422739 12.628952026367188 59
1727036422807 13.019694328308105 60
1727036422872 13.165297508239746 61
1727036422941 12.348428726196289 62
1727036423002 12.524568557739258 63
1727036423084 12.281451225280762 64
1727036423150 12.123383522033691 65
1727036423217 12.446314811706543 66
1727036423284 11.95522689819336 67
1727036423350 12.685755729675293 68
1727036423408 11.810230255126953 69
1727036423469 11.790949821472168 70
1727036423550 11.907609939575195 71
1727036423642 11.97158432006836 72
1727036423719 12.515979766845703 73
1727036423784 12.452194213867188 74
1727036423850 12.71537971496582 75
1727036423918 12.205196380615234 76
1727036423986 11.695594787597656 77
1727036424052 12.275150299072266 78
1727036424120 12.02743148803711 79
1727036424187 12.057944297790527 80
1727036424252 11.776463508605957 81
1727036424319 11.813444137573242 82
1727036424387 11.759638786315918 83
1727036424453 11.724544525146484 84
1727036424520 11.689449310302734 85
1727036424589 12.2249116897583 86
1727036424655 12.208263397216797 87
1727036424721 12.263245582580566 88
1727036424786 10.900080680847168 89
1727036424852 11.624770164489746 90
1727036424919 10.778121948242188 91
1727036424985 10.717999458312988 92
1727036425051 10.856639862060547 93
1727036425117 11.062088012695312 94
1727036425184 10.313207626342773 95
1727036425250 11.819294929504395 96
1727036425302 11.106789588928223 97
1727036425384 11.152351379394531 98
1727036425450 11.00239372253418 99
